insertTimes <- c(121,146,156,144,140,146,144,146,148,150,149,150,153,154,153,154,156,155,156,158,157,157,159,159,159,159,161,164,161,163,161,161,163,162,162,164,164,163,164,165,164,165,166,165,165,167,167,166,168,167,167,170,168,167,170,169,168,169,170,169,168,170,169,170,171,170,169,171,172,171,172,171,171,172,172,171,175,174,171,173,174,173,173,176,172,174,174,172,174,176,174,175,175,174,175,175,175,175,175,175,175,176,177,175,176,176,176,177,176,175,177,176,176,178,176,177,178,177,176,181,177,177,181,178,185,182,178,178,181,178,178,181,178,179,180,184,181,180,178,180,179,179,181,179,179,181,180,179,181,180,180,181,180,180,182,180,181,182,181,180,182,181,181,182,181,182,183,182,182,183,182,181,184,182,181,184,182,182,185,182,182,184,183,185,184,181,183,183,182,184,183,184,185,182,185,185,182,183,186,183,184,185,183,183,185,184,184,185,184,185,184,184,185,184,184,186,185,185,186,185,185,186,185,186,187,186,185,186,185,185,186,186,186,186,186,188,185,186,188,185,186,187,187,186,187,186,186,188,186,187,186,186,188,187,186,188,187,186,188,190,187,189,186,189,189,188,188,187,189,188,189,188,189,187,188,189,188,187,189,188,189,190,188,189,188,189,189,189,193,189,189,189,192,188,189,190,189,189,190,191,191,192,189,191,192,189,191,190,189,191,189,191,190,190,191,191,189,192,191,190,191,189,190,191,189,192,192,190,192,190,190,191,190,191,191,190,192,191,191,191,190,192,192,192,190,192,191,191,192,191,192,191,190,193,192,191,192,191,191,194,192,194,192,191,193,191,192,192,191,193,193,192,193,192,192,193,192,191,193,192,193,193,193,194,192,198,193,192,193,194,193,192,194,193,193,194,194,193,194,193,194,193,192,194,192,194,194,192,195,192,195,197,192,193,195,193,195,194,193,195,193,194,198,194,193,195,196,195,194,194,196,195,194,196,194,195,195,195,195,196,194,195,199,194,197,194,196,197,195,196,196,195,198,195,195,196,194,197,196,195,200,199,196,197,194,197,194,196,197,195,195,197,195,197,196,196,202,198,196,198,195,198,196,198,197,195,196,198,196,195,198,196,197,197,196,198,196,196,197,197,197,197,199,198,197,197,197,198,200,199,197,197,196,197,199,198,197,197,196,198,198,197,199,198,199,198,198,199,198,199,222,200,199,199,198,199,198,197,200,199,198,199,197,200,198,197,200,198,198,198,198,200,198,201,199,198,198,199,199,201,198,198,199,199,198,200,198,199,199,197,201,197,198,200,198,200,200,199,200,199,198,202,200,200,199,198,200,198,199,199,199,200,202,198,199,199,200,200,199,202,199,201,203,199,198,201,201,200,199,198,200,200,202,201,199,200,199,199,200,199,199,201,200,203,199,199,201,200,202,200,199,204,199,202,201,200,201,199,203,202)
deleteTimes <- c(57,61,64,64,66,67,68,69,69,70,71,72,71,72,73,74,73,75,74,75,74,75,75,76,76,76,76,76,77,77,79,77,78,78,78,78,78,78,79,80,79,79,79,79,79,80,80,80,80,80,81,80,82,80,81,81,81,81,81,81,82,82,81,83,81,81,82,82,82,82,82,82,83,82,82,82,83,83,83,83,82,83,84,83,84,83,84,83,85,84,84,84,84,84,85,84,84,84,84,85,85,84,85,85,85,89,87,85,86,85,85,85,85,85,85,85,85,85,85,85,86,86,86,85,87,85,86,85,85,86,86,85,86,86,86,86,85,86,85,85,86,87,86,86,86,86,87,87,87,88,86,86,87,87,86,87,86,87,87,87,88,87,87,89,87,87,87,88,88,88,87,88,88,87,87,88,88,88,88,87,88,88,88,88,87,88,88,88,87,87,88,90,88,88,88,88,88,88,88,88,88,88,89,88,89,88,89,88,88,88,90,88,89,88,89,89,90,101,89,88,89,89,88,89,89,89,89,89,89,89,89,90,89,89,89,89,89,89,89,90,90,90,89,89,90,89,89,90,90,89,89,91,90,90,90,90,90,90,90,90,90,90,90,90,90,90,90,90,90,90,91,91,91,94,90,91,92,91,91,90,91,91,91,90,90,90,90,90,90,91,91,90,91,91,91,91,92,91,91,91,92,91,91,91,92,91,92,91,92,92,92,92,92,92,93,92,92,91,92,92,92,92,92,99,92,92,91,91,92,91,91,94,92,92,93,91,92,93,92,92,92,92,92,92,92,93,92,93,92,92,92,92,92,92,92,92,92,92,92,93,92,92,92,93,92,93,92,92,93,93,92,93,93,93,92,96,93,92,93,92,93,93,94,93,93,93,93,92,93,92,93,93,93,94,93,93,93,93,93,93,93,93,93,93,93,93,93,93,93,93,94,93,94,93,93,93,94,94,94,93,93,93,93,93,93,93,94,93,93,93,93,93,94,93,94,94,93,94,93,93,96,94,93,94,94,94,94,94,97,95,94,94,95,93,94,94,95,95,93,95,96,94,95,94,94,94,94,93,94,94,94,94,94,94,95,94,94,94,94,94,95,96,94,95,95,94,94,95,94,94,94,94,95,95,96,94,95,95,95,95,98,95,95,94,94,94,94,94,95,95,94,94,95,95,95,95,95,97,95,95,95,95,95,95,94,96,95,94,97,95,96,95,95,96,95,96,94,95,96,96,95,95,95,96,96,122,96,95,99,97,97,97,96,96,95,95,95,96,95,96,95,95,95,96,97,95,96,95,95,95,96,96,96,95,95,96,96,96,96,96,96,95,96,96,95,97,97,96,95,96,96,96,97,95,96,96,96,96,96,96,96,95,96,96,95,97,96,97,96,96,96,96,96,97,96,96,95,96,96,96,97,98,96,96,96,97,96,97,96,96,96,96,96,96,97,97,97,96,97,96)

length(insertTimes)
length(deleteTimes)

plot(insertTimes, main = "Insert operations costs", xlab = "Interval (1 interval = 15625 insert ops.)", ylab = "Time [ms]")
plot(deleteTimes, main = "Delete operations costs", xlab = "Interval (1 interval = 7812 delete ops.)", ylab = "Time [ms]")
